640459
657675
660710
663584
663967
664068
665856
666931
668974
669208
669360
669384
669398
669717
669899
671155
671286
671655
672012
672569
672613
672642
673995
675448
675659
676551
676566
676679
677060
677347
677943
678577
678760
680577
680664
680716
681047
681230
681909
682515
682622
682634
682641
682663
682674
682729
682818
682877
682927
682997
683079
683090
683679
683748
683953
686611
687231
687282
687394
687605
687749
687957
689196
690976
690984
691002
691176
691181
691182
691277
691373
691458
691620
691728
691781
691788
691858
691907
692216
693409
693459
694025
694197
694203
694208
694224
694249
694371
694377
694378
694410
694514
694673
694876
695020
695257
695336
695490
695491
695508
695670
695681
695720
695731
696030
696135
699013
699024
699115
699302
699393
699625
699912
700246
700337
700652
701162
701339
701527
701649
701785
701852
702610
702679
703155
703197
703448
703492
703520
703601
703607
800325
800473
800522
800543
800604
800614
801126
801501
804109
804560
804668
805207
805346
805347
805672
805795
805796
805805
805811
805904
806039
806068
806071
806146
806198
806252
806367
806956
806957
806958
806964
807080
807083
807726
807727
807747
808234
808265
809092
809707
811965
813075
813841
814307
814409
814430
814439
815304
815352
815394
815690
815787
815814
815816
815824
815832
815843
815873
815888
815896
815908
815929
816111
816113
821041
821100
821181
821270
821273
822518
823550
823787
825412
828076
828098
828237
828599
829034
829037
829162
835727
836353
836582